$ANSIBLE_VAULT;1.1;AES256
61653264663964643634303632323465373935343732386335313266396333373662306261306664
3163343766386133626563663361306535383363373665370a633636386561363263376162643862
31643463333961363231616337326235323461333861663166373330363935346366623563316562
6462383235666662300a313665396532643939323139393530336661353939626631343463366330
64333766623438613539663039666239393961333234323265623763636634653032336638323338
65366139383637353833323635633638316163633139336364316433333434623461626238653763
62306333666337386635663433366231353837336530663931373439373262313062303036346464
38653462313563333431336339303765666638666233336166363865373362626361383237356366
38643431313866313433333934323662323534636239343964653030363663306138653861633539
37343033633831383266313836626665316532363539336635306164393437333533636262623834
34643063333962626665326336373337633338363264656465393437343230303666613737623763
31616161343932323166383738663161643939633334636665323830636637656537636233613436
64353265636262376539306637623439626431323664663965303864626166316166376435623165
65343539336132626566653864366639626634303237663061303734326531376239313231306133
39393463303833623738643138396433383938343734623565383263656164326263376564343438
65386463616562653538323237336537373638393533343362393964313766353234623035343538
35336661333661663664323563386562316430306538636230316364353138373061353337396232
66396534613965653339323537646363643530353461393066386634623036666131363164313332
38303830613134613035663965393033633935363266613437383735366632663731303266343663
30303837653838313662663463653139313634336538623530386131356666393730313063623937
66653266326564393062623435356638616237333532633537383231663835316339
