$ANSIBLE_VAULT;1.1;AES256
61323135623964306562376236393137646164386636333261393736346462643839356531383365
3564616532623261636263616438356238326437663663640a396365333564623436646664373663
64666164646636633062383531393531633839396336363137306431303334323336643739313463
3066653936373166350a666361313861633038663864393932633662636564326136643366353962
36356366313330343964313766346661623336383534323565613163653765363937306436356566
32336237346335386661343562623738346234353462366461396665633162666534313262613461
37636464303966396230623439613663626265623035636534636633363166646139386366346331
38343761663438653466623035383465636565333166666365653333666333373361393365616366
31626131316264663366633632363063333333636265386432366639343235336631613935353734
39653963363737346666643136383834663763623165373237383431336435663731646565613338
62363139366666653465333331663731666662303231376265333163666465396433626631356630
36323631633531326663366639363032306134376362666331643736376330393630373964626465
64323435633532363537363365396630343261393432633262343534343165323933613136366263
32653066383963356464353662346334623162303439643434663237303333643631366666396335
33343838316432393462613734346630373935326137323363616462613261363637383766326635
65653434613037663930336238353738623633616637353630346532383530376232393939633635
31353763373036343037356163346431653935353934643939626535383335363536323666643635
30643839326163393633323039366439316138616339343836636131343937353934363032303334
36623535643164313237656135353965323262323163303463656261376535666431343832303262
66623232393761353237353038653637653339323935323166396330363032383963613038323462
35383361306434386530653561333561386165343362613733386139643338323035333936333735
64373736343933343365346532363364653439373465653330393235353639626430386137396238
62343366386339343837366433306635303036613564643463616263623938386538323366666164
37336335646161386633343339626236303232396230646334376436633066316138303436663230
34373336646666343665356230306164353666386464333833613837616238383537323132323030
66393362316338373139376361356433336537376233303737316234303934356230346539626131
35363733346435613863363566363437653662626233643665303035313465306463623063656139
33633632396239666530363239363539376530383730323664306333636537373734623735396134
33356165386165646362363232383963393064383536386331663730643236663934633161353966
61373235366262623434613937303664643436336163386163316666663336373261313936383861
64383931316565646232386430323834326339346262376565613866363832623239393434356335
32333039336533356436303738643030656335623136613135303534626635653766373933653437
37393264323030343564333961663761643464643163666232323164373364313366343064373731
32613761366235373538373364666236383161303339613332396165326232323661393762343139
63613863653665386465383566636236323737373435356361633937393265653430646537303061
36623165653132373362663937383034323530303762303936643633326362313837646439306237
32396466316464353739383464313431386537623237383738333332613634633865656361653864
36346132316436343330356632393934633438343036303764316664626366353863313739656635
32306166303163613433653336393933306264343439346663343863366663623062323033653365
61323561323663306139663332633964643332653437393431613630396630356666316539396666
64616237343864366637393939356639336230346336373263356564313366393931653834343930
33653430316130363239653030663935333662636331626337373863373539303432353863616232
36646361336534373561363439636361346664303265396631633862316536353263323938636236
62663030323139623032653766626363663638646239323764396134333263363465393434633566
34616531643864653031346439393739316163636533326537376563333031313262633837386330
31633133643037306465343034666234343766656166376664363837303533646137666637343162
32326332663966653235306134316435323931313437313938363534623631343366373337346361
66643731376262653363636639303066643131636438306432306632663164313036626263333235
32343635646366303062346564323734343138636231656464666162656137653962363963313766
3566373837646538333439313935643361323635373066656530
